1 0.13579821
1.02 0.13204028
1.0404 0.12837142
1.061208 0.12478997
1.082432 0.12129429
1.104081 0.11788276
1.126162 0.11455378
1.148686 0.11130577
1.171659 0.10813717
1.195093 0.10504642
1.218994 0.10203201
1.243374 0.099092418
1.268242 0.096226171
1.293607 0.093431796
1.319479 0.090707843
1.345868 0.088052885
1.372786 0.085465509
1.400241 0.082944325
1.428246 0.08048796
1.456811 0.078095061
1.485947 0.075764294
1.515666 0.073494345
1.54598 0.071283916
1.576899 0.069131732
1.608437 0.067036535
1.640606 0.064997084
1.673418 0.06301216
1.706886 0.061080561
1.741024 0.059201104
1.775845 0.057372625
1.811362 0.055593977
1.847589 0.053864035
1.884541 0.052181687
1.922231 0.050545845
1.960676 0.048955434
1.99989 0.0474094
2.039887 0.045906706
2.080685 0.044446334
2.122299 0.043027281
2.164745 0.041648564
2.20804 0.040309216
2.2522 0.039008289
2.297244 0.037744849
2.343189 0.036517983
2.390053 0.035326791
2.437854 0.034170392
2.486611 0.033047921
2.536344 0.03195853
2.58707 0.030901386
2.638812 0.029875673
2.691588 0.028880591
2.74542 0.027915354
2.800328 0.026979195
2.856335 0.026071359
2.913461 0.025191108
2.971731 0.024337718
3.031165 0.023510483
3.091789 0.022708706
3.153624 0.021931711
3.216697 0.021178831
3.281031 0.020449417
3.346651 0.019742831
3.413584 0.019058451
3.481856 0.018395667
3.551493 0.017753885
3.622523 0.017132521
3.694974 0.016531005
3.768873 0.015948783
3.844251 0.015385308
3.921136 0.014840051
3.999558 0.014312491
4.079549 0.013802123
4.16114 0.01330845
4.244363 0.012830989
4.32925 0.01236927
4.415835 0.01192283
4.504152 0.011491222
4.594235 0.011074006
4.68612 0.010670755
4.779842 0.010281052
4.875439 0.0099044906
4.972948 0.0095406747
5.072407 0.0091892179
5.173855 0.0088497437
5.277332 0.0085218854
5.382879 0.0082052859
5.490536 0.0078995971
5.600347 0.0076044804
5.712354 0.0073196058
5.826601 0.0070446524
5.943133 0.0067793076
6.061996 0.0065232675
6.183236 0.0062762362
6.3069 0.0060379262
6.433038 0.0058080575
6.561699 0.0055863582
6.692933 0.0053725639
6.826792 0.0051664175
6.963328 0.0049676692
7.102594 0.0047760764
7.244646 0.0045914034
7.389539 0.0044134212
7.53733 0.0042419074
7.688076 0.0040766462
7.841838 0.0039174281
7.998675 0.0037640498
8.158648 0.0036163138
8.321821 0.0034740288
8.488258 0.003337009
8.658023 0.0032050744
8.831183 0.0030780504
9.007807 0.0029557676
9.187963 0.0028380619
9.371722 0.0027247743
9.559157 0.0026157507
9.75034 0.0025108418
9.945347 0.002409903
10.144254 0.0023127942
10.347139 0.0022193799
10.554081 0.0021295287
10.765163 0.0020431136
10.980466 0.0019600116
11.200076 0.0018801037
11.424077 0.0018032748
11.652559 0.0017294135
11.88561 0.0016584122
12.123322 0.0015901667
12.365788 0.0015245763
12.613104 0.0014615436
12.865366 0.0014009748
13.122674 0.0013427788
13.385127 0.0012868678
13.65283 0.0012331571
13.925886 0.0011815647
14.204404 0.0011320114
14.488492 0.0010844209
14.778262 0.0010387195
15.073827 0.000994836
15.375304 0.00095270164
15.68281 0.00091225019
15.996466 0.0008734177
16.316395 0.00083614248
16.642723 0.00080036504
16.975578 0.00076602802
17.315089 0.00073307611
17.661391 0.00070145598
18.014619 0.00067111625
18.374911 0.00064200737
18.742409 0.00061408163
19.117258 0.00058729304
19.499603 0.00056159731
19.889595 0.00053695177
20.287387 0.00051331535
20.693134 0.00049064847
21.106997 0.00046891307
21.529137 0.00044807246
21.95972 0.00042809138
22.398914 0.00040893587
22.846893 0.00039057325
23.30383 0.00037297209
23.769907 0.00035610215
24.245305 0.00033993437
24.730211 0.00032444076
25.224815 0.00030959445
25.729312 0.00029536957
26.243898 0.00028174128
26.768776 0.00026868569
27.304151 0.00025617985
27.850234 0.0002442017
28.407239 0.00023273005
28.975384 0.00022174453
29.554892 0.00021122559
30.145989 0.00020115445
30.748909 0.00019151307
31.363887 0.00018228412
31.991165 0.00017345098
32.630988 0.00016499768
33.283608 0.0001569089
33.94928 0.00014916993
34.628266 0.00014176663
35.320831 0.00013468548
36.027248 0.00012791346
36.747793 0.0001214381
37.482749 0.00011524742
38.232404 0.00010932995
38.997052 0.00010367466
39.776993 9.8270985e-05
40.572533 9.3108781e-05
41.383983 8.8178319e-05
42.211663 8.3470268e-05
43.055896 7.8975672e-05
43.917014 7.4685942e-05
44.795355 7.0592837e-05
45.691262 6.6688447e-05
46.605087 6.2965184e-05
47.537189 5.9415766e-05
48.487932 5.6033203e-05
49.457691 5.2810785e-05
50.446845 4.9742069e-05
51.455782 4.6820867e-05
52.484897 4.4041237e-05
53.534595 4.1397469e-05
54.605287 3.8884076e-05
55.697393 3.6495781e-05
56.811341 3.4227513e-05
57.947568 3.2074391e-05
59.106519 3.0031719e-05
60.288649 2.8094975e-05
61.494422 2.6259806e-05
62.724311 2.4522016e-05
63.978797 2.2877559e-05
65.258373 2.1322538e-05
66.56354 1.9853187e-05
67.894811 1.8465876e-05
69.252707 1.7157097e-05
70.637762 1.5923461e-05
72.050517 1.4761693e-05
73.491527 1.3668627e-05
74.961358 1.26412e-05
76.460585 1.1676448e-05
77.989797 1.0771503e-05
79.549593 9.9235893e-06
81.140584 9.1300176e-06
82.763396 8.3881852e-06
84.418664 7.6955714e-06
86.107037 7.0497351e-06
87.829178 6.4483133e-06
89.585762 5.8890182e-06
91.377477 5.3696361e-06
93.205026 4.8880258e-06
95.069127 4.442117e-06
96.970509 4.0299095e-06
98.90992 3.6494718e-06
100.88812 3.2989408e-06
102.90588 2.9765207e-06
104.964 2.6804825e-06
107.06328 2.4091634e-06
109.20454 2.1609663e-06
111.38863 1.9343593e-06
113.61641 1.7278754e-06
115.88873 1.5401115e-06
118.20651 1.3697285e-06
120.57064 1.2154503e-06
122.98205 1.0760633e-06
125.44169 9.5041555e-07
127.95053 8.3741588e-07
130.50954 7.3603315e-07
133.11973 6.45295e-07
135.78212 5.6428676e-07
138.49777 4.9215013e-07
141.26772 4.2808175e-07
144.09308 3.7133168e-07
146.97494 3.2120177e-07
149.91444 2.7704385e-07
152.91272 2.3825796e-07
155.97098 2.0429037e-07
159.0904 1.7463156e-07
162.27221 1.4881417e-07
165.51765 1.2641088e-07
168.828 1.0703226e-07
172.20456 9.0324583e-08
175.64866 7.5967651e-08
179.16163 6.3672638e-08
182.74486 5.3179934e-08
186.39976 4.4257045e-08
190.12775 3.669653e-08
193.93031 3.0314001e-08
197.80891 2.4946197e-08
201.76509 2.0449125e-08
205.80039 1.6696303e-08
209.9164 1.3577079e-08
214.11473 1.0995055e-08
218.39703 8.8666049e-09
222.76497 7.1194991e-09
227.22026 5.6916231e-09
231.76467 4.5298019e-09
236.39996 3.5887208e-09
241.12796 2.8299437e-09
245.95052 2.2210229e-09
250.86953 1.7346989e-09
255.88692 1.3481829e-09
261.00466 1.0425196e-09
266.22476 8.0202239e-10
271.54925 6.1377747e-10
276.98024 4.6720984e-10
282.51984 3.5370657e-10
288.17024 2.6629129e-10
293.93364 1.9934489e-10
299.81232 1.4836733e-10
305.80856 1.0977568e-10
311.92473 8.0734165e-11
318.16323 5.9011905e-11
324.52649 4.2864679e-11
331.01702 3.0937322e-11
337.63736 2.2183677e-11
344.39011 1.5801393e-11
351.27791 1.1179193e-11
358.30347 7.8545235e-12
365.46954 5.4797837e-12
372.77893 3.795595e-12
380.23451 2.6097965e-12
387.8392 1.7810658e-12
395.59598 1.2062428e-12
403.5079 8.1059632e-13
411.57806 5.4040817e-13
419.80962 3.5736953e-13
428.20581 2.3438028e-13
436.76993 1.5242657e-13
445.50533 9.8279529e-14
454.41544 6.2813575e-14
463.50374 3.9788335e-14
472.77382 2.4974228e-14
482.22929 1.5530416e-14
491.87388 9.5663869e-15
501.71136 5.8358496e-15
511.74559 3.5250668e-15
521.9805 2.1079091e-15
532.42011 1.2475849e-15
543.06851 7.3068922e-16
553.92988 4.2339774e-16
565.00848 2.4267481e-16
576.30865 1.3755183e-16
587.83482 7.7086244e-17
599.59152 4.2702923e-17
611.58335 2.3378032e-17
623.81501 1.2645188e-17
636.29131 6.7562386e-18
649.01714 3.5648418e-18
661.99748 1.8570443e-18
675.23743 9.548604e-19
688.74218 4.844845e-19
702.51702 2.425083e-19
716.56736 1.197188e-19
730.89871 5.82729e-20
745.51669 2.79587e-20
760.42702 1.32187e-20
775.63556 6.1568e-21
791.14827 2.8241e-21
806.97124 1.2754e-21
823.11066 5.669e-22
839.57287 2.479e-22
856.36433 1.066e-22
873.49162 4.51e-23
890.96145 1.88e-23
908.78068 7.7e-24
926.95629 3.1e-24
945.49542 1.2e-24
964.40533 5e-25
983.69343 2e-25
1003.3673 1e-25
1023.4346 0
1043.9033 0
1064.7814 0
1086.077 0
1107.7986 0
1129.9546 0
1152.5536 0
1175.6047 0
1199.1168 0
1223.0991 0
1247.5611 0
1272.5123 0
1297.9626 0
1323.9218 0
1350.4003 0
1377.4083 0
1404.9565 0
1433.0556 0
1461.7167 0
1490.951 0
1520.7701 0
1551.1855 0
1582.2092 0
1613.8533 0
1646.1304 0
1679.053 0
1712.6341 0
1746.8868 0
1781.8245 0
1817.461 0
1853.8102 0
1890.8864 0
1928.7041 0
1967.2782 0
2006.6238 0
2046.7563 0
2087.6914 0
2129.4452 0
2172.0341 0
2215.4748 0
2259.7843 0
2304.98 0
2351.0796 0
2398.1012 0
2446.0632 0
2494.9845 0
2544.8842 0
2595.7818 0
2647.6975 0
2700.6514 0
2754.6645 0
2809.7577 0
2865.9529 0
2923.272 0
2981.7374 0
3041.3721 0
3102.1996 0
3164.2436 0
3227.5284 0
3292.079 0
3357.9206 0
3425.079 0
3493.5806 0
3563.4522 0
3634.7212 0
3707.4157 0
3781.564 0
3857.1953 0
3934.3392 0
4013.026 0
4093.2865 0
4175.1522 0
4258.6552 0
4343.8283 0
4430.7049 0
4519.319 0
4609.7054 0
4701.8995 0
4795.9375 0
4891.8562 0
4989.6934 0
5089.4872 0
5191.277 0
5295.1025 0
5401.0046 0
5509.0247 0
5619.2052 0
5731.5893 0
5846.221 0
5963.1455 0
6082.4084 0
6204.0565 0
6328.1377 0
6454.7004 0
6583.7944 0
6715.4703 0
6849.7797 0
6986.7753 0
7126.5108 0
7269.041 0
7414.4219 0
7562.7103 0
7713.9645 0
7868.2438 0
8025.6087 0
8186.1208 0
8349.8433 0
8516.8401 0
8687.1769 0
8860.9205 0
9038.1389 0
9218.9017 0
9403.2797 0
9591.3453 0
9783.1722 0
9978.8356 0
10178.412 0
10381.981 0
10589.62 0
10801.413 0
11017.441 0
11237.79 0
11462.545 0
11691.796 0
11925.632 0
12164.145 0
12407.428 0
12655.576 0
12908.688 0
13166.862 0
13430.199 0
13698.803 0
13972.779 0
14252.235 0
14537.279 0
14828.025 0
15124.585 0
15427.077 0
15735.619 0
16050.331 0
16371.338 0
16698.764 0
17032.74 0
17373.394 0
17720.862 0
18075.28 0
18436.785 0
18805.521 0
19181.631 0
19565.264 0
19956.569 0
20355.701 0
20762.815 0
21178.071 0
21601.632 0
22033.665 0
22474.338 0
22923.825 0
23382.301 0
23849.947 0
24326.946 0
24813.485 0
25309.755 0
25815.95 0
26332.269 0
26858.915 0
27396.093 0
27944.015 0
28502.895 0
29072.953 0
29654.412 0
30247.5 0
30852.45 0
31469.499 0
32098.889 0
32740.867 0
33395.684 0
34063.598 0
34744.87 0
35439.767 0
36148.563 0
36871.534 0
37608.965 0
38361.144 0
39128.367 0
39910.934 0
40709.153 0
41523.336 0
42353.803 0
43200.879 0
44064.896 0
44946.194 0
45845.118 0
46762.02 0
47697.261 0
48651.206 0
49624.23 0
50616.715 0
51629.049 0
52661.63 0
53714.863 0
54789.16 0
55884.943 0
57002.642 0
58142.695 0
59305.549 0
60491.66 0
61701.493 0
62935.523 0
64194.233 0
65478.118 0
66787.68 0
68123.434 0
69485.902 0
70875.62 0
72293.133 0
73738.996 0
75213.775 0
76718.051 0
78252.412 0
79817.46 0
81413.809 0
83042.086 0
84702.927 0
86396.986 0
88124.926 0
89887.424 0
91685.173 0
93518.876 0
95389.254 0
97297.039 0
99242.979 0
101227.84 0
103252.4 0
105317.44 0
107423.79 0
109572.27 0
111763.71 0
113998.99 0
116278.97 0
118604.55 0
120976.64 0
123396.17 0
125864.09 0
128381.38 0
130949 0
133567.98 0
136239.34 0
138964.13 0
141743.41 0
144578.28 0
147469.85 0
150419.24 0
153427.63 0
156496.18 0
159626.1 0
162818.63 0
166075 0
169396.5 0
172784.43 0
176240.12 0
179764.92 0
183360.22 0
187027.42 0
190767.97 0
194583.33 0
198475 0
202444.5 0
206493.39 0
210623.26 0
214835.72 0
219132.43 0
223515.08 0
227985.39 0
232545.09 0
237195.99 0
241939.91 0
246778.71 0
251714.29 0
256748.57 0
261883.54 0
267121.22 0
272463.64 0
277912.91 0
283471.17 0
289140.59 0
294923.41 0
300821.87 0
306838.31 0
312975.08 0
319234.58 0
325619.27 0
332131.66 0
338774.29 0
345549.78 0
352460.77 0
359509.99 0
366700.19 0
374034.19 0
381514.87 0
389145.17 0
396928.07 0
404866.64 0
412963.97 0
421223.25 0
429647.71 0
438240.67 0
447005.48 0
455945.59 0
465064.5 0
474365.79 0
483853.11 0
493530.17 0
503400.77 0
513468.79 0
523738.16 0
534212.93 0
544897.19 0
555795.13 0
566911.03 0
578249.25 0
589814.24 0
601610.52 0
613642.73 0
625915.59 0
638433.9 0
651202.58 0
664226.63 0
677511.16 0
691061.39 0
704882.61 0
718980.27 0
733359.87 0
748027.07 0
762987.61 0
778247.36 0
793812.31 0
809688.55 0
825882.33 0
842399.97 0
859247.97 0
876432.93 0
893961.59 0
911840.82 0
930077.64 0
948679.19 0
967652.77 0
987005.83 0
1006745.9 0
1026880.9 0
1047418.5 0
1068366.9 0
1089734.2 0
1111528.9 0
1133759.5 0
1156434.6 0
1179563.3 0
1203154.6 0
1227217.7 0
1251762 0
1276797.3 0
1302333.2 0
1328379.9 0
1354947.5 0
1382046.4 0
1409687.4 0
1437881.1 0
1466638.7 0
1495971.5 0
1525890.9 0
1556408.8 0
1587536.9 0
1619287.7 0
1651673.4 0
1684706.9 0
1718401 0
1752769.1 0
1787824.4 0
1823580.9 0
1860052.6 0
1897253.6 0
1935198.7 0
1973902.6 0
2013380.7 0
2053648.3 0
2094721.3 0
2136615.7 0
2179348 0
2222935 0
2267393.7 0
2312741.6 0
2358996.4 0
2406176.3 0
2454299.8 0
2503385.8 0
2553453.6 0
2604522.6 0
2656613.1 0
2709745.3 0
2763940.2 0
2819219.1 0
2875603.4 0
2933115.5 0
2991777.8 0
3051613.4 0
3112645.6 0
3174898.5 0
3238396.5 0
3303164.4 0
3369227.7 0
3436612.3 0
3505344.5 0
3575451.4 0
3646960.5 0
3719899.7 0
3794297.7 0
3870183.6 0
3947587.3 0
4026539 0
4107069.8 0
4189211.2 0
4272995.4 0
4358455.3 0
4445624.4 0
4534536.9 0
4625227.7 0
4717732.2 0
4812086.9 0
4908328.6 0
5006495.2 0
5106625.1 0
5208757.6 0
5312932.7 0
5419191.4 0
5527575.2 0
5638126.7 0
5750889.3 0
5865907 0
5983225.2 0
6102889.7 0
6224947.5 0
6349446.4 0
6476435.4 0
6605964.1 0
6738083.4 0
6872845 0
7010301.9 0
7150508 0
7293518.1 0
7439388.5 0
7588176.2 0
7739939.8 0
7894738.6 0
8052633.3 0
8213686 0
8377959.7 0
8545518.9 0
8716429.3 0
8890757.9 0
9068573 0
9249944.5 0
9434943.4 0
9623642.3 0
9816115.1 0
10012437 0
10212686 0
10416940 0
10625279 0
10837784 0
11054540 0
11275631 0
11501143 0
11731166 0
11965790 0
12205105 0
12449207 0
12698192 0
12952155 0
13211199 0
13475422 0
13744931 0
14019830 0
14300226 0
14586231 0
14877955 0
15175514 0
15479025 0
15788605 0
16104377 0
16426465 0
16754994 0
17090094 0
17431896 0
17780534 0
18136144 0
18498867 0
18868845 0
19246222 0
19631146 0
20023769 0
20424244 0
20832729 0
21249384 0
21674371 0
22107859 0
22550016 0
23001016 0
23461037 0
23930257 0
24408863 0
24897040 0
25394981 0
25902880 0
26420938 0
26949357 0
27488344 0
28038111 0
28598873 0
29170850 0
29754267 0
30349353 0
30956340 0
31575467 0
32206976 0
32851115 0
33508138 0
34178300 0
34861866 0
35559104 0
36270286 0
36995692 0
37735605 0
38490318 0
39260124 0
40045326 0
40846233 0
41663158 0
42496421 0
43346349 0
44213276 0
45097542 0
45999492 0
46919482 0
47857872 0
48815029 0
49791330 0
50787157 0
51802900 0
52838958 0
53895737 0
54973652 0
56073125 0
57194587 0
58338479 0
59505248 0
60695353 0
61909260 0
63147446 0
64410395 0
65698602 0
67012575 0
68352826 0
69719883 0
71114280 0
72536566 0
73987297 0
75467043 0
76976384 0
78515912 0
80086230 0
81687954 0
83321714 0
84988148 0
86687911 0
88421669 0
90190102 0
91993904 0
93833782 0
95710458 0
97624667 0
99577161 0
1.015687e+08 0
1.0360008e+08 0
1.0567208e+08 0
1.0778552e+08 0
1.0994123e+08 0
1.1214006e+08 0
1.1438286e+08 0
1.1667051e+08 0
1.1900392e+08 0
1.21384e+08 0
1.2381168e+08 0
1.2628792e+08 0
1.2881368e+08 0
1.3138995e+08 0
1.3401775e+08 0
1.366981e+08 0
1.3943206e+08 0
1.4222071e+08 0
1.4506512e+08 0
1.4796642e+08 0
1.5092575e+08 0
1.5394427e+08 0
1.5702315e+08 0
1.6016361e+08 0
1.6336689e+08 0
1.6663422e+08 0
1.6996691e+08 0
1.7336625e+08 0
1.7683357e+08 0
1.8037024e+08 0
1.8397765e+08 0
1.876572e+08 0
1.9141035e+08 0
1.9523855e+08 0
1.9914332e+08 0
2.0312619e+08 0
2.0718871e+08 0
2.1133249e+08 0
2.1555914e+08 0
2.1987032e+08 0
2.2426773e+08 0
2.2875308e+08 0
2.3332814e+08 0
2.3799471e+08 0
2.427546e+08 0
2.4760969e+08 0
2.5256189e+08 0
2.5761312e+08 0
2.6276539e+08 0
2.6802069e+08 0
2.7338111e+08 0
2.7884873e+08 0
2.844257e+08 0
2.9011422e+08 0
2.959165e+08 0
3.0183483e+08 0
3.0787153e+08 0
3.1402896e+08 0
3.2030954e+08 0
3.2671573e+08 0
3.3325004e+08 0
3.3991505e+08 0
3.4671335e+08 0
3.5364761e+08 0
3.6072057e+08 0
3.6793498e+08 0
3.7529368e+08 0
3.8279955e+08 0
3.9045554e+08 0

